G = 6.67 * 10**-11
c = 3 * 10 ** 8
pi = 3.14159265359
N_A=6.022 * 10 **23
m_e = 9.109*10**-31
m_p = 1.6726 * 10 **-27
m_n = 1.6749 * 10 **-27
e = 1.60218 * 10 **-19
m_g = 8.314
a_m = 1.6605 * 10 **-27
